{
  "nbformat": 4,
  "nbformat_minor": 0,
  "metadata": {
    "colab": {
      "provenance": []
    },
    "kernelspec": {
      "name": "python3",
      "display_name": "Python 3"
    },
    "language_info": {
      "name": "python"
    }
  },
  "cells": [
    {
      "cell_type": "markdown",
      "source": [
        "##**Predicting Heart Failure from Health Records**\n",
        "#####**Amulya, Breanna, Dhvani, Siri**\n",
        "###### Dataset: https://www.kaggle.com/datasets/andrewmvd/heart-failure-clinical-data"
      ],
      "metadata": {
        "id": "nlZviWhodIXp"
      }
    },
    {
      "cell_type": "code",
      "execution_count": null,
      "metadata": {
        "id": "XSavkeJe1Nte"
      },
      "outputs": [],
      "source": [
        "import numpy as np\n",
        "import pandas as pd\n",
        "import matplotlib.pyplot as plt\n",
        "\n",
        "from sklearn.datasets import load_breast_cancer\n",
        "from sklearn.linear_model import LogisticRegression\n",
        "from sklearn.metrics import accuracy_score,classification_report,confusion_matrix,ConfusionMatrixDisplay\n",
        "from sklearn.model_selection import train_test_split\n",
        "from sklearn.preprocessing import StandardScaler\n",
        "\n",
        "from sklearn.decomposition import PCA\n",
        "from sklearn.datasets import make_classification\n"
      ]
    },
    {
      "cell_type": "markdown",
      "source": [
        "\n",
        "\n",
        "**Preparing the Data**"
      ],
      "metadata": {
        "id": "yNufEc27WslG"
      }
    },
    {
      "cell_type": "code",
      "source": [
        "# Load dataset\n",
        "url = \"https://drive.google.com/uc?id=1oWGAdeeG_5vT9Qa-XpnQ0LXDpp0gWH05\"\n",
        "\n",
        "df = pd.read_csv(url)\n",
        "df.head()"
      ],
      "metadata": {
        "colab": {
          "base_uri": "https://localhost:8080/",
          "height": 206
        },
        "id": "p2ekw2M92DKb",
        "outputId": "e326a706-9d51-4f9a-8c52-b0b9ba3f22c7"
      },
      "execution_count": null,
      "outputs": [
        {
          "output_type": "execute_result",
          "data": {
            "text/plain": [
              "    age  anaemia  creatinine_phosphokinase  diabetes  ejection_fraction  \\\n",
              "0  75.0        0                       582         0                 20   \n",
              "1  55.0        0                      7861         0                 38   \n",
              "2  65.0        0                       146         0                 20   \n",
              "3  50.0        1                       111         0                 20   \n",
              "4  65.0        1                       160         1                 20   \n",
              "\n",
              "   high_blood_pressure  platelets  serum_creatinine  serum_sodium  sex  \\\n",
              "0                    1  265000.00               1.9           130    1   \n",
              "1                    0  263358.03               1.1           136    1   \n",
              "2                    0  162000.00               1.3           129    1   \n",
              "3                    0  210000.00               1.9           137    1   \n",
              "4                    0  327000.00               2.7           116    0   \n",
              "\n",
              "   smoking  time  DEATH_EVENT  \n",
              "0        0     4            1  \n",
              "1        0     6            1  \n",
              "2        1     7            1  \n",
              "3        0     7            1  \n",
              "4        0     8            1  "
            ],
            "text/html": [
              "\n",
              "  <div id=\"df-be8764c4-ddd7-4d70-bdc2-419a52b5f93c\" class=\"colab-df-container\">\n",
              "    <div>\n",
              "<style scoped>\n",
              "    .dataframe tbody tr th:only-of-type {\n",
              "        vertical-align: middle;\n",
              "    }\n",
              "\n",
              "    .dataframe tbody tr th {\n",
              "        vertical-align: top;\n",
              "    }\n",
              "\n",
              "    .dataframe thead th {\n",
              "        text-align: right;\n",
              "    }\n",
              "</style>\n",
              "<table border=\"1\" class=\"dataframe\">\n",
              "  <thead>\n",
              "    <tr style=\"text-align: right;\">\n",
              "      <th></th>\n",
              "      <th>age</th>\n",
              "      <th>anaemia</th>\n",
              "      <th>creatinine_phosphokinase</th>\n",
              "      <th>diabetes</th>\n",
              "      <th>ejection_fraction</th>\n",
              "      <th>high_blood_pressure</th>\n",
              "      <th>platelets</th>\n",
              "      <th>serum_creatinine</th>\n",
              "      <th>serum_sodium</th>\n",
              "      <th>sex</th>\n",
              "      <th>smoking</th>\n",
              "      <th>time</th>\n",
              "      <th>DEATH_EVENT</th>\n",
              "    </tr>\n",
              "  </thead>\n",
              "  <tbody>\n",
              "    <tr>\n",
              "      <th>0</th>\n",
              "      <td>75.0</td>\n",
              "      <td>0</td>\n",
              "      <td>582</td>\n",
              "      <td>0</td>\n",
              "      <td>20</td>\n",
              "      <td>1</td>\n",
              "      <td>265000.00</td>\n",
              "      <td>1.9</td>\n",
              "      <td>130</td>\n",
              "      <td>1</td>\n",
              "      <td>0</td>\n",
              "      <td>4</td>\n",
              "      <td>1</td>\n",
              "    </tr>\n",
              "    <tr>\n",
              "      <th>1</th>\n",
              "      <td>55.0</td>\n",
              "      <td>0</td>\n",
              "      <td>7861</td>\n",
              "      <td>0</td>\n",
              "      <td>38</td>\n",
              "      <td>0</td>\n",
              "      <td>263358.03</td>\n",
              "      <td>1.1</td>\n",
              "      <td>136</td>\n",
              "      <td>1</td>\n",
              "      <td>0</td>\n",
              "      <td>6</td>\n",
              "      <td>1</td>\n",
              "    </tr>\n",
              "    <tr>\n",
              "      <th>2</th>\n",
              "      <td>65.0</td>\n",
              "      <td>0</td>\n",
              "      <td>146</td>\n",
              "      <td>0</td>\n",
              "      <td>20</td>\n",
              "      <td>0</td>\n",
              "      <td>162000.00</td>\n",
              "      <td>1.3</td>\n",
              "      <td>129</td>\n",
              "      <td>1</td>\n",
              "      <td>1</td>\n",
              "      <td>7</td>\n",
              "      <td>1</td>\n",
              "    </tr>\n",
              "    <tr>\n",
              "      <th>3</th>\n",
              "      <td>50.0</td>\n",
              "      <td>1</td>\n",
              "      <td>111</td>\n",
              "      <td>0</td>\n",
              "      <td>20</td>\n",
              "      <td>0</td>\n",
              "      <td>210000.00</td>\n",
              "      <td>1.9</td>\n",
              "      <td>137</td>\n",
              "      <td>1</td>\n",
              "      <td>0</td>\n",
              "      <td>7</td>\n",
              "      <td>1</td>\n",
              "    </tr>\n",
              "    <tr>\n",
              "      <th>4</th>\n",
              "      <td>65.0</td>\n",
              "      <td>1</td>\n",
              "      <td>160</td>\n",
              "      <td>1</td>\n",
              "      <td>20</td>\n",
              "      <td>0</td>\n",
              "      <td>327000.00</td>\n",
              "      <td>2.7</td>\n",
              "      <td>116</td>\n",
              "      <td>0</td>\n",
              "      <td>0</td>\n",
              "      <td>8</td>\n",
              "      <td>1</td>\n",
              "    </tr>\n",
              "  </tbody>\n",
              "</table>\n",
              "</div>\n",
              "    <div class=\"colab-df-buttons\">\n",
              "\n",
              "  <div class=\"colab-df-container\">\n",
              "    <button class=\"colab-df-convert\" onclick=\"convertToInteractive('df-be8764c4-ddd7-4d70-bdc2-419a52b5f93c')\"\n",
              "            title=\"Convert this dataframe to an interactive table.\"\n",
              "            style=\"display:none;\">\n",
              "\n",
              "  <svg xmlns=\"http://www.w3.org/2000/svg\" height=\"24px\" viewBox=\"0 -960 960 960\">\n",
              "    <path d=\"M120-120v-720h720v720H120Zm60-500h600v-160H180v160Zm220 220h160v-160H400v160Zm0 220h160v-160H400v160ZM180-400h160v-160H180v160Zm440 0h160v-160H620v160ZM180-180h160v-160H180v160Zm440 0h160v-160H620v160Z\"/>\n",
              "  </svg>\n",
              "    </button>\n",
              "\n",
              "  <style>\n",
              "    .colab-df-container {\n",
              "      display:flex;\n",
              "      gap: 12px;\n",
              "    }\n",
              "\n",
              "    .colab-df-convert {\n",
              "      background-color: #E8F0FE;\n",
              "      border: none;\n",
              "      border-radius: 50%;\n",
              "      cursor: pointer;\n",
              "      display: none;\n",
              "      fill: #1967D2;\n",
              "      height: 32px;\n",
              "      padding: 0 0 0 0;\n",
              "      width: 32px;\n",
              "    }\n",
              "\n",
              "    .colab-df-convert:hover {\n",
              "      background-color: #E2EBFA;\n",
              "      box-shadow: 0px 1px 2px rgba(60, 64, 67, 0.3), 0px 1px 3px 1px rgba(60, 64, 67, 0.15);\n",
              "      fill: #174EA6;\n",
              "    }\n",
              "\n",
              "    .colab-df-buttons div {\n",
              "      margin-bottom: 4px;\n",
              "    }\n",
              "\n",
              "    [theme=dark] .colab-df-convert {\n",
              "      background-color: #3B4455;\n",
              "      fill: #D2E3FC;\n",
              "    }\n",
              "\n",
              "    [theme=dark] .colab-df-convert:hover {\n",
              "      background-color: #434B5C;\n",
              "      box-shadow: 0px 1px 3px 1px rgba(0, 0, 0, 0.15);\n",
              "      filter: drop-shadow(0px 1px 2px rgba(0, 0, 0, 0.3));\n",
              "      fill: #FFFFFF;\n",
              "    }\n",
              "  </style>\n",
              "\n",
              "    <script>\n",
              "      const buttonEl =\n",
              "        document.querySelector('#df-be8764c4-ddd7-4d70-bdc2-419a52b5f93c button.colab-df-convert');\n",
              "      buttonEl.style.display =\n",
              "        google.colab.kernel.accessAllowed ? 'block' : 'none';\n",
              "\n",
              "      async function convertToInteractive(key) {\n",
              "        const element = document.querySelector('#df-be8764c4-ddd7-4d70-bdc2-419a52b5f93c');\n",
              "        const dataTable =\n",
              "          await google.colab.kernel.invokeFunction('convertToInteractive',\n",
              "                                                    [key], {});\n",
              "        if (!dataTable) return;\n",
              "\n",
              "        const docLinkHtml = 'Like what you see? Visit the ' +\n",
              "          '<a target=\"_blank\" href=https://colab.research.google.com/notebooks/data_table.ipynb>data table notebook</a>'\n",
              "          + ' to learn more about interactive tables.';\n",
              "        element.innerHTML = '';\n",
              "        dataTable['output_type'] = 'display_data';\n",
              "        await google.colab.output.renderOutput(dataTable, element);\n",
              "        const docLink = document.createElement('div');\n",
              "        docLink.innerHTML = docLinkHtml;\n",
              "        element.appendChild(docLink);\n",
              "      }\n",
              "    </script>\n",
              "  </div>\n",
              "\n",
              "\n",
              "<div id=\"df-50e35afb-f48f-4cad-81e1-50a19fbc8d6d\">\n",
              "  <button class=\"colab-df-quickchart\" onclick=\"quickchart('df-50e35afb-f48f-4cad-81e1-50a19fbc8d6d')\"\n",
              "            title=\"Suggest charts\"\n",
              "            style=\"display:none;\">\n",
              "\n",
              "<svg xmlns=\"http://www.w3.org/2000/svg\" height=\"24px\"viewBox=\"0 0 24 24\"\n",
              "     width=\"24px\">\n",
              "    <g>\n",
              "        <path d=\"M19 3H5c-1.1 0-2 .9-2 2v14c0 1.1.9 2 2 2h14c1.1 0 2-.9 2-2V5c0-1.1-.9-2-2-2zM9 17H7v-7h2v7zm4 0h-2V7h2v10zm4 0h-2v-4h2v4z\"/>\n",
              "    </g>\n",
              "</svg>\n",
              "  </button>\n",
              "\n",
              "<style>\n",
              "  .colab-df-quickchart {\n",
              "      --bg-color: #E8F0FE;\n",
              "      --fill-color: #1967D2;\n",
              "      --hover-bg-color: #E2EBFA;\n",
              "      --hover-fill-color: #174EA6;\n",
              "      --disabled-fill-color: #AAA;\n",
              "      --disabled-bg-color: #DDD;\n",
              "  }\n",
              "\n",
              "  [theme=dark] .colab-df-quickchart {\n",
              "      --bg-color: #3B4455;\n",
              "      --fill-color: #D2E3FC;\n",
              "      --hover-bg-color: #434B5C;\n",
              "      --hover-fill-color: #FFFFFF;\n",
              "      --disabled-bg-color: #3B4455;\n",
              "      --disabled-fill-color: #666;\n",
              "  }\n",
              "\n",
              "  .colab-df-quickchart {\n",
              "    background-color: var(--bg-color);\n",
              "    border: none;\n",
              "    border-radius: 50%;\n",
              "    cursor: pointer;\n",
              "    display: none;\n",
              "    fill: var(--fill-color);\n",
              "    height: 32px;\n",
              "    padding: 0;\n",
              "    width: 32px;\n",
              "  }\n",
              "\n",
              "  .colab-df-quickchart:hover {\n",
              "    background-color: var(--hover-bg-color);\n",
              "    box-shadow: 0 1px 2px rgba(60, 64, 67, 0.3), 0 1px 3px 1px rgba(60, 64, 67, 0.15);\n",
              "    fill: var(--button-hover-fill-color);\n",
              "  }\n",
              "\n",
              "  .colab-df-quickchart-complete:disabled,\n",
              "  .colab-df-quickchart-complete:disabled:hover {\n",
              "    background-color: var(--disabled-bg-color);\n",
              "    fill: var(--disabled-fill-color);\n",
              "    box-shadow: none;\n",
              "  }\n",
              "\n",
              "  .colab-df-spinner {\n",
              "    border: 2px solid var(--fill-color);\n",
              "    border-color: transparent;\n",
              "    border-bottom-color: var(--fill-color);\n",
              "    animation:\n",
              "      spin 1s steps(1) infinite;\n",
              "  }\n",
              "\n",
              "  @keyframes spin {\n",
              "    0% {\n",
              "      border-color: transparent;\n",
              "      border-bottom-color: var(--fill-color);\n",
              "      border-left-color: var(--fill-color);\n",
              "    }\n",
              "    20% {\n",
              "      border-color: transparent;\n",
              "      border-left-color: var(--fill-color);\n",
              "      border-top-color: var(--fill-color);\n",
              "    }\n",
              "    30% {\n",
              "      border-color: transparent;\n",
              "      border-left-color: var(--fill-color);\n",
              "      border-top-color: var(--fill-color);\n",
              "      border-right-color: var(--fill-color);\n",
              "    }\n",
              "    40% {\n",
              "      border-color: transparent;\n",
              "      border-right-color: var(--fill-color);\n",
              "      border-top-color: var(--fill-color);\n",
              "    }\n",
              "    60% {\n",
              "      border-color: transparent;\n",
              "      border-right-color: var(--fill-color);\n",
              "    }\n",
              "    80% {\n",
              "      border-color: transparent;\n",
              "      border-right-color: var(--fill-color);\n",
              "      border-bottom-color: var(--fill-color);\n",
              "    }\n",
              "    90% {\n",
              "      border-color: transparent;\n",
              "      border-bottom-color: var(--fill-color);\n",
              "    }\n",
              "  }\n",
              "</style>\n",
              "\n",
              "  <script>\n",
              "    async function quickchart(key) {\n",
              "      const quickchartButtonEl =\n",
              "        document.querySelector('#' + key + ' button');\n",
              "      quickchartButtonEl.disabled = true;  // To prevent multiple clicks.\n",
              "      quickchartButtonEl.classList.add('colab-df-spinner');\n",
              "      try {\n",
              "        const charts = await google.colab.kernel.invokeFunction(\n",
              "            'suggestCharts', [key], {});\n",
              "      } catch (error) {\n",
              "        console.error('Error during call to suggestCharts:', error);\n",
              "      }\n",
              "      quickchartButtonEl.classList.remove('colab-df-spinner');\n",
              "      quickchartButtonEl.classList.add('colab-df-quickchart-complete');\n",
              "    }\n",
              "    (() => {\n",
              "      let quickchartButtonEl =\n",
              "        document.querySelector('#df-50e35afb-f48f-4cad-81e1-50a19fbc8d6d button');\n",
              "      quickchartButtonEl.style.display =\n",
              "        google.colab.kernel.accessAllowed ? 'block' : 'none';\n",
              "    })();\n",
              "  </script>\n",
              "</div>\n",
              "\n",
              "    </div>\n",
              "  </div>\n"
            ],
            "application/vnd.google.colaboratory.intrinsic+json": {
              "type": "dataframe",
              "variable_name": "df",
              "summary": "{\n  \"name\": \"df\",\n  \"rows\": 299,\n  \"fields\": [\n    {\n      \"column\": \"age\",\n      \"properties\": {\n        \"dtype\": \"number\",\n        \"std\": 11.89480907404447,\n        \"min\": 40.0,\n        \"max\": 95.0,\n        \"num_unique_values\": 47,\n        \"samples\": [\n          79.0,\n          40.0,\n          67.0\n        ],\n        \"semantic_type\": \"\",\n        \"description\": \"\"\n      }\n    },\n    {\n      \"column\": \"anaemia\",\n      \"properties\": {\n        \"dtype\": \"number\",\n        \"std\": 0,\n        \"min\": 0,\n        \"max\": 1,\n        \"num_unique_values\": 2,\n        \"samples\": [\n          1,\n          0\n        ],\n        \"semantic_type\": \"\",\n        \"description\": \"\"\n      }\n    },\n    {\n      \"column\": \"creatinine_phosphokinase\",\n      \"properties\": {\n        \"dtype\": \"number\",\n        \"std\": 970,\n        \"min\": 23,\n        \"max\": 7861,\n        \"num_unique_values\": 208,\n        \"samples\": [\n          86,\n          379\n        ],\n        \"semantic_type\": \"\",\n        \"description\": \"\"\n      }\n    },\n    {\n      \"column\": \"diabetes\",\n      \"properties\": {\n        \"dtype\": \"number\",\n        \"std\": 0,\n        \"min\": 0,\n        \"max\": 1,\n        \"num_unique_values\": 2,\n        \"samples\": [\n          1,\n          0\n        ],\n        \"semantic_type\": \"\",\n        \"description\": \"\"\n      }\n    },\n    {\n      \"column\": \"ejection_fraction\",\n      \"properties\": {\n        \"dtype\": \"number\",\n        \"std\": 11,\n        \"min\": 14,\n        \"max\": 80,\n        \"num_unique_values\": 17,\n        \"samples\": [\n          20,\n          38\n        ],\n        \"semantic_type\": \"\",\n        \"description\": \"\"\n      }\n    },\n    {\n      \"column\": \"high_blood_pressure\",\n      \"properties\": {\n        \"dtype\": \"number\",\n        \"std\": 0,\n        \"min\": 0,\n        \"max\": 1,\n        \"num_unique_values\": 2,\n        \"samples\": [\n          0,\n          1\n        ],\n        \"semantic_type\": \"\",\n        \"description\": \"\"\n      }\n    },\n    {\n      \"column\": \"platelets\",\n      \"properties\": {\n        \"dtype\": \"number\",\n        \"std\": 97804.2368685983,\n        \"min\": 25100.0,\n        \"max\": 850000.0,\n        \"num_unique_values\": 176,\n        \"samples\": [\n          297000.0,\n          255000.0\n        ],\n        \"semantic_type\": \"\",\n        \"description\": \"\"\n      }\n    },\n    {\n      \"column\": \"serum_creatinine\",\n      \"properties\": {\n        \"dtype\": \"number\",\n        \"std\": 1.0345100640898541,\n        \"min\": 0.5,\n        \"max\": 9.4,\n        \"num_unique_values\": 40,\n        \"samples\": [\n          4.4,\n          3.5\n        ],\n        \"semantic_type\": \"\",\n        \"description\": \"\"\n      }\n    },\n    {\n      \"column\": \"serum_sodium\",\n      \"properties\": {\n        \"dtype\": \"number\",\n        \"std\": 4,\n        \"min\": 113,\n        \"max\": 148,\n        \"num_unique_values\": 27,\n        \"samples\": [\n          133,\n          134\n        ],\n        \"semantic_type\": \"\",\n        \"description\": \"\"\n      }\n    },\n    {\n      \"column\": \"sex\",\n      \"properties\": {\n        \"dtype\": \"number\",\n        \"std\": 0,\n        \"min\": 0,\n        \"max\": 1,\n        \"num_unique_values\": 2,\n        \"samples\": [\n          0,\n          1\n        ],\n        \"semantic_type\": \"\",\n        \"description\": \"\"\n      }\n    },\n    {\n      \"column\": \"smoking\",\n      \"properties\": {\n        \"dtype\": \"number\",\n        \"std\": 0,\n        \"min\": 0,\n        \"max\": 1,\n        \"num_unique_values\": 2,\n        \"samples\": [\n          1,\n          0\n        ],\n        \"semantic_type\": \"\",\n        \"description\": \"\"\n      }\n    },\n    {\n      \"column\": \"time\",\n      \"properties\": {\n        \"dtype\": \"number\",\n        \"std\": 77,\n        \"min\": 4,\n        \"max\": 285,\n        \"num_unique_values\": 148,\n        \"samples\": [\n          215,\n          79\n        ],\n        \"semantic_type\": \"\",\n        \"description\": \"\"\n      }\n    },\n    {\n      \"column\": \"DEATH_EVENT\",\n      \"properties\": {\n        \"dtype\": \"number\",\n        \"std\": 0,\n        \"min\": 0,\n        \"max\": 1,\n        \"num_unique_values\": 2,\n        \"samples\": [\n          0,\n          1\n        ],\n        \"semantic_type\": \"\",\n        \"description\": \"\"\n      }\n    }\n  ]\n}"
            }
          },
          "metadata": {},
          "execution_count": 3
        }
      ]
    },
    {
      "cell_type": "code",
      "source": [
        "X = df.drop('DEATH_EVENT', axis=1)\n",
        "y = df['DEATH_EVENT']\n",
        "\n",
        "X_train, X_test, y_train, y_test = train_test_split(X, y, test_size=0.2, random_state=42)\n",
        "\n",
        "std_scaler = StandardScaler()\n",
        "X_train_scaled = std_scaler.fit_transform(X_train)\n",
        "X_test_scaled = std_scaler.transform(X_test)"
      ],
      "metadata": {
        "id": "eCeDI9xY9aDC"
      },
      "execution_count": null,
      "outputs": []
    },
    {
      "cell_type": "markdown",
      "source": [
        "#####**Perform PCA**"
      ],
      "metadata": {
        "id": "93fMBEdFYCqJ"
      }
    },
    {
      "cell_type": "code",
      "source": [
        "pca = PCA(n_components = 5)\n",
        "X_train_pca = pca.fit_transform(X_train_scaled)\n",
        "X_test_pca = pca.transform(X_test_scaled)\n",
        "\n",
        "print(\"Covariance Matrix:\\n\", pca.get_covariance(), '\\n')\n",
        "print('\\nEigenvalues:', pca.explained_variance_)"
      ],
      "metadata": {
        "colab": {
          "base_uri": "https://localhost:8080/"
        },
        "id": "hUHpMXPrYByc",
        "outputId": "8b4fa200-0c6e-4ea0-a299-1dd1499e9f63"
      },
      "execution_count": null,
      "outputs": [
        {
          "output_type": "stream",
          "name": "stdout",
          "text": [
            "Covariance Matrix:\n",
            " [[ 9.74609138e-01  7.07635362e-02 -1.44990999e-02 -9.62530877e-02\n",
            "  -1.02421896e-02  1.32470250e-01 -2.45287471e-02  1.36072823e-01\n",
            "  -6.14729399e-02  3.08562131e-02 -1.03722773e-02 -2.39308095e-01]\n",
            " [ 7.07635362e-02  9.81524808e-01 -1.54517593e-01 -1.00083787e-02\n",
            "   2.81146489e-02  1.21555863e-01 -7.95420948e-02  1.98172103e-02\n",
            "   3.30900979e-02 -1.02646320e-01 -1.41477104e-01 -1.15311665e-01]\n",
            " [-1.44990999e-02 -1.54517593e-01  9.68446506e-01 -9.12129634e-02\n",
            "   4.14774843e-02 -1.16454230e-01 -1.28204936e-04  4.95075241e-02\n",
            "   4.43973542e-02  6.38164086e-02  7.52960750e-02  5.68121235e-02]\n",
            " [-9.62530877e-02 -1.00083787e-02 -9.12129634e-02  9.85646949e-01\n",
            "  -1.62057657e-02 -3.33586913e-02  1.04812319e-01 -2.49862130e-03\n",
            "  -1.11183416e-01 -1.75562429e-01 -1.51607206e-01  8.77209094e-02]\n",
            " [-1.02421896e-02  2.81146489e-02  4.14774843e-02 -1.62057657e-02\n",
            "   9.18328009e-01  5.84367152e-02  8.97015111e-02 -4.89829384e-02\n",
            "   1.71854776e-01 -1.48326203e-01 -1.12829437e-01  1.79860127e-02]\n",
            " [ 1.32470250e-01  1.21555863e-01 -1.16454230e-01 -3.33586913e-02\n",
            "   5.84367152e-02  9.67101714e-01  7.02652272e-02 -3.47948235e-02\n",
            "   6.44269545e-02 -4.90648541e-02 -4.36867378e-02 -1.60993059e-01]\n",
            " [-2.45287471e-02 -7.95420948e-02 -1.28204936e-04  1.04812319e-01\n",
            "   8.97015111e-02  7.02652272e-02  9.72390183e-01 -7.82343056e-02\n",
            "   4.83909341e-02 -1.21081588e-01 -5.40464499e-02  3.74722936e-02]\n",
            " [ 1.36072823e-01  1.98172103e-02  4.95075241e-02 -2.49862130e-03\n",
            "  -4.89829384e-02 -3.47948235e-02 -7.82343056e-02  9.98728630e-01\n",
            "  -1.75193764e-01 -3.95452376e-02 -1.00066693e-01 -1.45382416e-01]\n",
            " [-6.14729399e-02  3.30900979e-02  4.43973542e-02 -1.11183416e-01\n",
            "   1.71854776e-01  6.44269545e-02  4.83909341e-02 -1.75193764e-01\n",
            "   1.05280846e+00 -3.58707616e-02  1.21295670e-02  7.55051626e-02]\n",
            " [ 3.08562131e-02 -1.02646320e-01  6.38164086e-02 -1.75562429e-01\n",
            "  -1.48326203e-01 -4.90648541e-02 -1.21081588e-01 -3.95452376e-02\n",
            "  -3.58707616e-02  1.10991224e+00  3.32116118e-01 -1.44554224e-02]\n",
            " [-1.03722773e-02 -1.41477104e-01  7.52960750e-02 -1.51607206e-01\n",
            "  -1.12829437e-01 -4.36867378e-02 -5.40464499e-02 -1.00066693e-01\n",
            "   1.21295670e-02  3.32116118e-01  1.09479752e+00  3.61354925e-02]\n",
            " [-2.39308095e-01 -1.15311665e-01  5.68121235e-02  8.77209094e-02\n",
            "   1.79860127e-02 -1.60993059e-01  3.74722936e-02 -1.45382416e-01\n",
            "   7.55051626e-02 -1.44554224e-02  3.61354925e-02  1.02612601e+00]] \n",
            "\n",
            "\n",
            "Eigenvalues: [1.70665527 1.55634075 1.33646533 1.11977944 1.04212551]\n"
          ]
        }
      ]
    },
    {
      "cell_type": "markdown",
      "source": [
        "#####**Explained Variance Ratio**"
      ],
      "metadata": {
        "id": "xfHpCzqiazyo"
      }
    },
    {
      "cell_type": "code",
      "source": [
        "print(\"Explained Variance Ratios:\", pca.explained_variance_ratio_, '\\n')\n",
        "\n",
        "total_explained_variances = []\n",
        "for i in range(len(pca.explained_variance_ratio_)):\n",
        "  total_explained_variances.append(sum(pca.explained_variance_ratio_[:i + 1]))\n",
        "  print('Total explained variance including', i + 1, 'components:', total_explained_variances[-1])\n",
        "  print('We', 'should use more components' if total_explained_variances[-1] < 0.9 else 'do not need to use more components.', '\\n')"
      ],
      "metadata": {
        "colab": {
          "base_uri": "https://localhost:8080/"
        },
        "id": "DWzOWSZma3KM",
        "outputId": "814ddd15-a1db-415f-9bde-82657a8a0bb7"
      },
      "execution_count": null,
      "outputs": [
        {
          "output_type": "stream",
          "name": "stdout",
          "text": [
            "Explained Variance Ratios: [0.1416262  0.12915241 0.11090612 0.09292451 0.08648043] \n",
            "\n",
            "Total explained variance including 1 components: 0.14162620411162877\n",
            "We should use more components \n",
            "\n",
            "Total explained variance including 2 components: 0.27077860978741713\n",
            "We should use more components \n",
            "\n",
            "Total explained variance including 3 components: 0.38168472852290264\n",
            "We should use more components \n",
            "\n",
            "Total explained variance including 4 components: 0.47460924306095964\n",
            "We should use more components \n",
            "\n",
            "Total explained variance including 5 components: 0.5610896727404886\n",
            "We should use more components \n",
            "\n"
          ]
        }
      ]
    },
    {
      "cell_type": "markdown",
      "source": [
        "#####**Scree Plot**"
      ],
      "metadata": {
        "id": "-VQp3chhbtXm"
      }
    },
    {
      "cell_type": "code",
      "source": [
        "plt.figure(figsize=(8, 6))\n",
        "\n",
        "plt.plot(range(1, len(pca.explained_variance_) + 1), pca.explained_variance_, marker='o')\n",
        "\n",
        "plt.xlabel('Principal Component')\n",
        "plt.ylabel('Eigenvalue')\n",
        "plt.title('Scree Plot')\n",
        "\n",
        "plt.grid()\n",
        "plt.show()"
      ],
      "metadata": {
        "colab": {
          "base_uri": "https://localhost:8080/",
          "height": 564
        },
        "id": "hKjQ5n-Bbni-",
        "outputId": "9a9e617b-35cf-4b9c-88f4-439bd07e5dd3"
      },
      "execution_count": null,
      "outputs": [
        {
          "output_type": "display_data",
          "data": {
            "text/plain": [
              "<Figure size 800x600 with 1 Axes>"
            ],
